The number of selected features is: 20

NO.		FeaName		Score

1		4		1.0
2		2		0.9567754731207908
3		10		0.8312237171007272
4		9		0.778154155017181
5		12		0.7733885583283969
6		1		0.764338239979204
7		18		0.7412223019415287
8		17		0.7340578116070184
9		20		0.7097628300581027
10		19		0.706080474405784
11		6		0.6851874397121609
12		3		0.6751144025933613
13		11		0.6709127200875247
14		5		0.6708600042658112
15		13		0.6675425066106389
16		14		0.6572000795078151
17		8		0.6386291218171799
18		15		0.6318799630850731
19		7		0.6296621610290423
20		16		0.6200876009417194
